time,x,y,z,phi,theta,psi,x_velocity,y_velocity,z_velocity,phi_velocity,theta_velocity,psi_velocity,rotor_speed1,rotor_speed2,rotor_speed3,rotor_speed4
0.06,8.93921455487e-08,2.63041134177e-07,10.0039317299,6.282687721,6.2830211335,0.0,1.10330326854e-05,-6.74054910964e-06,0.131050862451,-0.0352105563313,-0.00886379864705,0.0,446.15779449958944,445.4337048771626,448.9197372618323,446.05404790600215
0.12000000000000001,5.74557747205e-06,-1.83566269032e-05,10.014700694,6.28015061035,6.28195577788,0.0,0.0002450394841,-0.000843562953814,0.2278992321,-0.0627481452435,-0.0488844026547,0.0,437.92877199519955,434.5875511968049,436.7424738363727,434.43878879477273
0.18,5.12903546974e-05,-0.000133251279075,10.0281436261,6.27705710898,6.27909314483,0.0,0.00152242748403,-0.00327601086659,0.220198352961,-0.0354127819674,-0.0454612710242,0.0,401.8570627943939,402.1655353128729,399.42282123963156,401.9053032873947
0.23999999999999996,0.000251217942911,-0.000483491827664,10.047370822,6.27543724667,6.27658513635,0.0,0.00544658405954,-0.00861270523845,0.420652272097,-0.0139931304418,-0.035334384595,0.0,467.5033616448148,468.2907572815087,466.81074410958564,468.4787165828115
0.3,0.000734146839616,-0.00117806578738,10.077471366,6.27476681251,6.27532509429,0.0,0.0108280184614,-0.0146225791576,0.582628073037,-0.00605994750751,-0.0017405764334,0.0,455.77442056428293,458.45090248854297,455.2955687812343,455.92985818959295
0.36000000000000004,0.00158487320403,-0.00227175734688,10.120276877,6.27450441631,6.27488601797,0.0,0.0175582559195,-0.0218716612923,0.844065410625,-0.00119680853193,-0.0218392973327,0.0,486.69395233538546,485.1876439593661,485.5419091661277,485.906647199745
0.4200000000000001,0.00283048325994,-0.00377957486507,10.1757420958,6.27411029696,6.27331008224,0.0,0.0241189827283,-0.0284102775662,1.00464586593,-0.020378988106,-0.0370429815581,0.0,457.210066326934,455.9971481269528,457.10961535873696,455.5787227215621
0.48000000000000015,0.00446544537218,-0.00565403595325,10.2366130734,6.2727458685,6.27087200362,0.0,0.0305884894799,-0.0341877535615,1.02436562552,-0.0279391605133,-0.0490089509506,0.0,412.40394907133293,411.3447389402868,411.8651289935234,411.1959246357812
0.5400000000000001,0.00657469845765,-0.00793466400705,10.3017420346,6.27081551511,6.26817936483,0.0,0.0400138371048,-0.0420199591432,1.14647860985,-0.0423737353581,-0.0376849866848,0.0,444.6096464618264,445.5351485745172,445.44001676114317,444.2577443678915
0.6000000000000002,0.00931190159679,-0.0107358413656,10.3746778718,6.26833611173,6.26590744724,0.0,0.0514679313111,-0.0516209284202,1.28456284033,-0.0393018973068,-0.0382282772773,0.0,450.0293871030666,449.9847463515903,450.2455005755476,450.49304503013616
0.6600000000000003,0.012808236445,-0.0141855917477,10.4571535954,6.26604663208,6.26362504869,0.0,0.0653331207369,-0.0636318584447,1.46440532576,-0.0359636026106,-0.0376660985977,0.0,463.268019936929,463.3115842720344,463.04242770316216,463.30430157817943
0.7200000000000003,0.0171547967068,-0.0183781851985,10.5487260032,6.26342968775,6.26168034137,0.0,0.0797688056524,-0.0763617728637,1.58783500357,-0.0668771360123,-0.0235626245572,0.0,447.01663400694486,448.16390187420757,446.60641609719767,444.0767273803986
0.7800000000000004,0.0224410575997,-0.0234304996072,10.649310058,6.25976310936,6.26024377688,0.0,0.0965956605267,-0.0924765080183,1.7646965398,-0.0515396327127,-0.0247139310973,0.0,464.0544409601865,463.9640232270487,461.76042963020365,462.966081370585
0.8400000000000004,0.0286935799074,-0.0294507298243,10.7572052449,6.25716327409,6.2583893673,0.0,0.111976825801,-0.108468204995,1.83169256394,-0.0305782754893,-0.047687963393,0.0,430.389952196828,428.4407463967209,428.7328650910503,430.50877564788334
0.9000000000000005,0.0360435318964,-0.0366161566254,10.8743692062,6.2552150763,6.25519257554,0.0,0.133379308979,-0.130600790621,2.07334824675,-0.0365497266707,-0.0678440153852,0.0,482.93376873653006,481.4093929550897,484.17715679560376,483.7274127543643
0.9600000000000005,0.044550658031,-0.0449503211683,10.998651107,6.25289252509,6.25089650469,0.0,0.150552769517,-0.147400093796,2.06937009051,-0.0434202920761,-0.0804311518598,0.0,407.79933216084646,406.6689282439121,407.3302835821316,406.7145193860028
1.0200000000000005,0.0542425722433,-0.0544045262866,11.1250045952,6.25113465679,6.24623642152,0.0,0.17297056866,-0.167940594495,2.142253041,-0.0102346146528,-0.0726495906441,0.0,432.41155952572876,433.0615566702003,431.1961479516177,433.98992430105034
1.0800000000000005,0.0654721032899,-0.0652058289684,11.2584181222,6.25102457667,6.24192733946,0.0,0.201816743516,-0.192128814005,2.30452702436,0.0111538305798,-0.0702055880344,0.0,459.46074594362403,459.6506691355941,461.3802705698567,463.0658019642894
1.1400000000000006,0.0785205185693,-0.0774497764658,11.4013664606,6.25122910924,6.23775549435,0.0,0.233578151514,-0.215935381633,2.46007232528,-0.0203559071658,-0.0682148037838,0.0,458.5079678519308,458.66258340186454,461.7764059646944,459.2841557978588
1.2000000000000006,0.0936997685279,-0.0912179556461,11.556511513,6.24997057033,6.2337487114,0.0,0.272873056615,-0.243139801221,2.71083239789,-0.022244751766,-0.064055109402,0.0,488.3349236003062,488.64220941463367,488.1982180155529,488.05731774447844
1.2600000000000007,0.111081852587,-0.106479898947,11.7216244934,6.24936467016,6.22961791547,0.0,0.306912226237,-0.26567448233,2.79270598254,0.00704502569608,-0.0807449497974,0.0,439.296161675158,437.9062625318028,437.54865229830614,439.9803619264887
1.3200000000000007,0.130709710346,-0.123172703936,11.8937861621,6.24998456891,6.22443901907,0.0,0.34787406577,-0.290681644752,2.94559629189,0.016205614649,-0.100796220347,0.0,462.5632942908968,460.9755051601149,460.29911439207103,461.02336103457964
1.3800000000000008,0.152771144222,-0.141270847005,12.0727106785,6.25080991217,6.21831013879,0.0,0.388090330198,-0.312495211184,3.01832043565,0.00834060120867,-0.104996283189,0.0,438.0375703890103,437.6789180247965,436.82014263425464,436.16366544702515
1.4400000000000008,0.177340795131,-0.160648788975,12.2555845617,6.25223120321,6.21155205887,0.0,0.431504210062,-0.333329135657,3.07726769501,0.0438648277466,-0.135798841436,0.0,434.51644740933904,431.91405057845793,431.81623790507126,434.802777401315
1.5000000000000009,0.204642886672,-0.181238099452,12.4418475552,6.25429984111,6.20299699997,0.0,0.479342113434,-0.352737218654,3.13128569244,-0.00126615851036,-0.161744256845,0.0,432.55845357293254,430.347639392247,434.7166721517101,430.91870603080736
1.560000000000001,0.235235369621,-0.203049996009,12.634377748,6.25437214796,6.19299057948,0.0,0.541450350917,-0.374311810623,3.28584137404,0.00573910103185,-0.179419461113,0.0,464.89214864877187,463.4794754159654,463.6291379397904,464.1791930981529
1.620000000000001,0.269788003039,-0.226155390146,12.8362415769,6.2544864181,6.1828962116,0.0,0.611401273201,-0.395826075538,3.44235809581,-0.00714967644476,-0.152117176038,0.0,464.83273078698346,466.9410868643756,466.1802202987058,465.17196774259975
1.680000000000001,0.308707820143,-0.250537868121,13.046991374,6.2542332152,6.17358858417,0.0,0.686869101907,-0.416945004491,3.58206843513,0.00107570933394,-0.161943146436,0.0,462.0029755183259,461.2056879781347,461.9160015417375,462.56430233331406
1.740000000000001,0.3523534401,-0.276188856714,13.2660433716,6.25376380389,6.1632866635,0.0,0.768980883831,-0.438080143656,3.71906701561,-0.0390164585481,-0.212245883165,0.0,463.7990511668782,459.8012774514954,464.34411915193147,461.1881150202598
1.8000000000000012,0.40100044868,-0.303088246742,13.4919672859,6.25161078804,6.15029383728,0.0,0.853834695339,-0.458777727905,3.81120461333,-0.0302584026589,-0.226927832031,0.0,450.35106483594853,449.1157912835155,449.4262685557792,450.135034483897
1.8600000000000012,0.454839398324,-0.331231536707,13.7221551653,6.24993302424,6.13657679134,0.0,0.942055202142,-0.479485405237,3.86131084908,-0.023727511653,-0.232223450722,0.0,438.466971393147,437.973945673412,436.6086485395156,437.1530033900575
1.9200000000000013,0.514492382873,-0.360704410486,13.9570345447,6.24904437375,6.1236489848,0.0,1.04767594408,-0.503038762508,3.96734991353,-0.0012053217531,-0.194101510764,0.0,454.3360327437911,457.336166855438,455.5753026048029,457.37276175890014
1.9800000000000013,0.580555710728,-0.39156437033,14.1970901247,6.2491043674,6.11280549431,0.0,1.15545901056,-0.525613044624,4.03400977031,0.00508132234514,-0.162386290544,0.0,443.7404886621778,446.30405527595417,444.98236420934046,445.49672337999806
2.0400000000000014,0.653869901451,-0.423889019754,14.4444339641,6.24926086497,6.10289758438,0.0,1.28931931937,-0.551820180273,4.20985319862,-0.00286427739277,-0.171272853112,0.0,480.1411953126112,479.44256158239807,479.85151471436967,479.24787524506434
2.1000000000000014,0.735478180499,-0.457790488444,14.7024841673,6.24882527782,6.09327117704,0.0,1.43192239369,-0.578229920099,4.39080611457,-0.0179467747008,-0.144688146326,0.0,481.72647096689985,483.70989048480885,484.00883484505454,482.8723966614275
2.1600000000000015,0.825355603326,-0.493200299495,14.968769544,6.24781262628,6.08459562537,0.0,1.56475649826,-0.60218244051,4.48470746963,-0.0148205850368,-0.144402199913,0.0,459.3700372673838,459.37392434655044,458.07264080816367,458.3212913664581
2.2200000000000015,0.923214309557,-0.530038281707,15.2398524069,6.2468276765,6.07610052299,0.0,1.69793077924,-0.625823815767,4.55081831827,-0.0198139233206,-0.136479920966,0.0,450.91583322615287,451.5370767036266,451.93036378872756,451.5277512138598
2.2800000000000016,1.0287265312,-0.568228560533,15.5125168713,6.24553450314,6.06748621393,0.0,1.81981328437,-0.647285663442,4.53776413123,-0.0252793766479,-0.164082611506,0.0,427.7108450443522,425.3322222448161,427.54825178805766,427.0822500626198
2.3400000000000016,1.14199544604,-0.607779354127,15.785696429,6.24443747357,6.05746772227,0.0,1.95663874763,-0.671176259694,4.56773558828,-0.00705991480383,-0.173487725443,0.0,442.33358498629013,441.5313339627464,440.73328519153915,442.2367822841574
2.4000000000000017,1.26410898356,-0.648855552114,16.0625857411,6.24413376864,6.04728697194,0.0,2.11468870466,-0.698039452762,4.66109240368,-0.00133805552973,-0.162990305776,0.0,462.49464555758846,463.29438348183675,462.7429385949172,463.19328596919183
2.4600000000000017,1.39460682077,-0.691337757831,16.3396718739,6.24459393395,6.03733343951,0.0,2.23598647535,-0.718022651941,4.57513332798,0.0213828510025,-0.172429765564,0.0,406.30172161204337,405.42511675209846,403.43935089233315,405.48594764470846
2.520000000000002,1.53488258531,-0.735365101123,16.620870973,6.24624541324,6.02683692548,0.0,2.44078104495,-0.749326048778,4.79667346601,0.0376119260703,-0.180501218944,0.0,504.15825541578187,503.5490954256621,501.6919531911714,502.8691455572606
2.580000000000002,1.68538465041,-0.780906229318,16.9065601253,6.24855071067,6.01609716365,0.0,2.57676625491,-0.768540054407,4.72619270186,0.0399933571631,-0.176147955139,0.0,414.02529557556755,414.37469289391515,413.5315504002348,413.7421470794087
2.640000000000002,1.84488744006,-0.827648864917,17.1904603812,6.25108120524,6.00547199027,0.0,2.74080400789,-0.789318444396,4.73661601208,0.0462143394705,-0.179029077037,0.0,442.53644268523914,442.2687774697023,440.71407316794244,441.2290180639052
2.700000000000002,2.01306473305,-0.8754432563,17.470244257,6.25390171486,5.99530737038,0.0,2.86585191417,-0.803660714251,4.58975833189,0.0485507905068,-0.155005393072,0.0,386.59117411880635,388.8159965703386,387.42864795907764,387.64998496798046
2.760000000000002,2.1910663807,-0.924273249705,17.7485724899,6.25721668573,5.98547696707,0.0,3.0682124506,-0.823667617201,4.68686968914,0.0660814091043,-0.194415533293,0.0,472.083684590704,469.00690271949884,469.3072278041543,470.6679604653195
2.820000000000002,2.37990438712,-0.974108854792,18.027808668,6.26180147085,5.97408105471,0.0,3.22721365464,-0.837188199023,4.62076171335,0.0916280447444,-0.18221755635,0.0,418.43627339788554,419.459372505068,417.23074217958003,419.46038412347536
2.880000000000002,2.58003618773,-1.02478198755,18.3079797139,6.26730570285,5.96355874148,0.0,3.44460082361,-0.851347908033,4.71717716011,0.0919544664022,-0.164356573137,0.0,471.28130048384077,472.6320905650309,473.78938418485785,473.8209896533382
2.940000000000002,2.79222386459,-1.07613995831,18.5903216087,6.27266946327,5.95399348369,0.0,3.62896700507,-0.860133007815,4.69375884991,0.0837175610849,-0.15103946832,0.0,435.72968063643117,436.8169733187205,436.63693177631035,435.9559009744399
3.000000000000002,3.01555539691,-1.12793563632,18.8710412622,6.27746944866,5.94460138217,0.0,3.8160024956,-0.865988409481,4.66313083494,0.0712802021628,-0.170744676975,0.0,436.1493825982939,434.476000566926,434.9536729554482,433.9158684711888
3.0600000000000023,3.25111048132,-1.18001769325,19.1523078916,6.28211621263,5.93428937466,0.0,4.03646762281,-0.869661505727,4.71147906645,0.0875622136047,-0.174207637195,0.0,461.71547421173705,461.41496121449046,462.02493308132887,463.31148930401713
3.1200000000000023,3.50011148657,-1.2322299967,19.4365295325,0.0040625461194,5.92351388651,0.0,4.26419757851,-0.87026662973,4.76156249031,0.0811139674401,-0.193413673511,0.0,465.92519000734984,464.3909162574646,464.59518969337194,464.09490661720764
3.1800000000000024,3.76148214008,-1.28440280094,19.7197746699,0.00905276986708,5.91201855181,0.0,4.4488835975,-0.868466289107,4.67961024722,0.0869927056309,-0.188173845068,0.0,423.0481634103805,423.46141887689583,421.4084706215739,421.92246709610686
3.2400000000000024,4.03498306653,-1.33636963769,20.0003467548,0.0137754706976,5.90080574702,0.0,4.66846474063,-0.863340331983,4.67199902899,0.0519015828383,-0.184414279532,0.0,449.9881503623008,450.2590152627326,449.2360451993435,446.38551379487393
3.3000000000000025,4.32070575512,-1.38799527084,20.2776281536,0.0166104139302,5.88960050313,0.0,4.85627901911,-0.857304342631,4.57044224893,0.0357822046556,-0.191891700483,0.0,417.9480524502036,417.2592696225135,419.1410788175009,417.73894993015637
3.3600000000000025,4.62129362643,-1.43908015964,20.5570475844,0.0183452264655,5.87771790228,0.0,5.16383521028,-0.845335093135,4.74153151096,0.00936154755823,-0.214629703152,0.0,509.22092166633286,507.5579414780711,509.12880606189094,507.23475847945366
3.4200000000000026,4.93842753735,-1.48950766069,20.8416468763,0.0188019966092,5.86445029695,0.0,5.40797886727,-0.835554759803,4.7439948334,0.0038633938284,-0.239066245865,0.0,460.38941857230355,458.40388347225326,459.48897329888996,459.05268092636436
3.4800000000000026,5.27007309153,-1.53935665579,21.1255329617,0.0193068526734,5.8500480875,0.0,5.64764117,-0.826063786379,4.71781055431,0.0162397545551,-0.242048000165,0.0,452.41245902094016,452.1157771705905,451.84302257047,452.8398108229349
3.5400000000000027,5.61532434636,-1.58866815322,21.4056390623,0.0200663628217,5.83542382022,0.0,5.8615145159,-0.817599233741,4.61842496689,0.00431019204034,-0.247343708214,0.0,430.21965418625325,429.7092229469669,428.7128273093696,427.69762404857323
3.6000000000000028,5.97297864065,-1.63748901417,21.6784385223,0.0201398654319,5.82054961647,0.0,6.06108429122,-0.809755653593,4.47449463794,-0.00579704320867,-0.249044468182,0.0,414.7139847988021,414.4980925925424,414.26994612178095,413.37999214869217
3.660000000000003,6.34537505101,-1.68573628757,21.9477173341,0.0195298819946,5.80598812062,0.0,6.35273517441,-0.798556712456,4.49983323291,-0.0207744574015,-0.232335546643,0.0,474.6553573634711,475.8812081717367,475.5656382934433,474.4168856073095
3.720000000000003,6.73379091814,-1.73339027981,22.2151304011,0.0181524292835,5.79201723745,0.0,6.59505032829,-0.790017771013,4.41307204623,-0.0277258807569,-0.233891172415,0.0,440.2073387937117,440.0239758606031,440.2280970381076,439.65231428356344
3.780000000000003,7.13637159849,-1.780572115,22.4762503915,0.0163589721281,5.77844490859,0.0,6.82487836454,-0.782834602215,4.29028092891,-0.0346158861978,-0.214117852882,0.0,427.02585493627896,428.65631600778687,430.30786993691044,429.72372649076704
3.840000000000003,7.55387838006,-1.8273203671,22.7317270139,0.0139411503288,5.76577955115,0.0,7.09238283373,-0.775622189626,4.22455834251,-0.0551793275051,-0.20564108573,0.0,452.2335002788584,452.8728708226217,450.96998365269604,449.30453955485507
3.900000000000003,7.98710764241,-1.87368822673,22.9823565347,0.0105189246182,5.75324255047,0.0,7.34893316273,-0.770222924853,4.12889571625,-0.0610369338445,-0.216545925373,0.0,443.0439009885802,442.10277494654105,443.7200326456672,443.2365088716655
3.960000000000003,8.43592335232,-1.91978210909,23.2272788517,0.00660143040842,5.73985837329,0.0,7.61192520594,-0.766518293813,4.03421021471,-0.075551717769,-0.241116730414,0.0,446.6845152274711,444.62556370194085,446.1248994464826,444.9345989954054
4.020000000000002,8.8999358369,-1.96572010394,23.4652381258,0.00230685626493,5.72528505528,0.0,7.85560490813,-0.765040458103,3.89696867453,-0.0646243431655,-0.246682917699,0.0,432.27776895481566,431.747390796061,431.9500246888758,432.86670072997293
4.080000000000001,9.37964641982,-2.01162284119,23.6963739273,6.28130602152,5.71060694171,0.0,8.1350596959,-0.765342583709,3.80631786588,-0.0828069726503,-0.240833159669,0.0,451.93637326432025,452.3489830685972,452.22003552401156,450.7488227165024
4.14,9.87455551851,-2.05760045209,23.9193125984,6.27669391577,5.69575304835,0.0,8.36234004295,-0.767525229615,3.62441080745,-0.0670632160281,-0.266468097793,0.0,420.70875204456365,418.4158966254726,419.4437289142194,420.8040757201337
4.199999999999998,10.3835980444,-2.10376622729,24.1318216084,6.27237783251,5.67962499921,0.0,8.60616201623,-0.771583928199,3.45837499966,-0.0840862570989,-0.273917196413,0.0,428.0848418082728,427.3741299760803,428.75925293369164,427.3057164259971
4.259999999999997,10.9084881567,-2.1502491416,24.3358299835,6.26686655533,5.66285623587,0.0,8.89043963089,-0.778188736383,3.34053281683,-0.115708636063,-0.293898901528,0.0,450.6926623795987,448.99536295416283,449.57291456461155,446.99492018168144
4.319999999999996,11.4512812942,-2.19722521537,24.5335835945,6.2596419273,5.64494269352,0.0,9.20284225597,-0.788163669413,3.2494443485,-0.132020800629,-0.310016425039,0.0,463.88564239255754,462.5305288469845,463.32469218903793,462.0273842383874
4.379999999999995,12.0115656492,-2.24485705367,24.7237770403,6.25244234586,5.62668260204,0.0,9.47359122055,-0.800002295313,3.08899440372,-0.102983296993,-0.294901968705,0.0,439.25127012375555,440.40757976550907,440.4680395410435,442.8500970465413
4.439999999999993,12.5899439649,-2.29335365373,24.9063943632,6.24593237666,5.60903518282,0.0,9.80562974173,-0.816949344067,2.9962448238,-0.122789171745,-0.292614485426,0.0,470.237751000581,470.3322385002434,472.04953808482026,470.5082952175538
4.499999999999992,13.1882660806,-2.34295410528,25.0830943917,6.23848543832,5.5908939584,0.0,10.1382768982,-0.8368519198,2.89175730152,-0.126907109878,-0.363064717888,0.0,474.45040943910436,468.91162861620546,471.33611412458134,471.00460937873567
4.559999999999991,13.8044542165,-2.39372387011,25.2506140753,6.23112610617,5.56918300392,0.0,10.4015844168,-0.855832552849,2.69068501671,-0.115285669528,-0.359529818334,0.0,437.4698350333798,437.6268658408393,438.54367645673256,439.49439861562485
4.6199999999999894,14.439212302,-2.44586706999,25.4088740019,6.22465396155,5.54750058178,0.0,10.7567951757,-0.882609297054,2.58199361888,-0.0961109761116,-0.365329687045,0.0,481.3193595348041,480.75611595147905,479.04436450271135,480.49122335951074
4.679999999999988,15.0935772291,-2.49956858235,25.5582665768,6.21968984442,5.52513291502,0.0,11.0552994206,-0.907643128001,2.39576160254,-0.0643855727139,-0.39499141843,0.0,456.89551447494324,454.38133459964433,454.97915021792187,457.50726209514704
4.739999999999987,15.7634373842,-2.55464269968,25.6935634491,6.21548806109,5.50137717571,0.0,11.2736313266,-0.928275971619,2.11296825927,-0.0847749869612,-0.397866396836,0.0,418.5397798356426,418.11595803143086,420.2689728029617,418.492901467121
4.799999999999986,16.447203063,-2.61103308406,25.8124108447,6.2106230552,5.47772541412,0.0,11.5185932583,-0.951548182195,1.84711599304,-0.0745721359501,-0.387734026417,0.0,430.5890052331341,431.2791410463298,429.97336828327616,430.8316788714156
4.859999999999984,17.148110872,-2.66901716922,25.9173316048,6.20642948209,5.45472279918,0.0,11.8444875756,-0.981341227642,1.64786770937,-0.0618810805089,-0.375863348874,0.0,465.0194080762596,465.80366616444616,465.8374000526278,466.82562715119417
4.919999999999983,17.8637060198,-2.72846822902,26.0055135844,6.20308439762,5.43199230891,0.0,12.0089393315,-1.00045722754,1.2910320938,-0.045683058978,-0.385560027278,0.0,397.1501910232935,396.09142087691544,395.0504477107727,396.53940747396143
4.979999999999982,18.5951891281,-2.78950108657,26.0773565495,6.20061309799,5.41010699033,0.0,12.3728114307,-1.03392490145,1.10105702983,-0.03344847436,-0.340307666874,0.0,478.47757152386833,481.7815011146279,480.62551469778003,481.55148765113756
5.0399999999999805,19.3461353844,-2.85238287591,26.1355016817,6.19848874006,5.39000531136,0.0,12.6580114979,-1.06211723172,0.835492995953,-0.0396394231083,-0.326163211573,0.0,452.71703493580446,453.74115172319546,452.2105844899875,451.7108446338675
